1 43755763.2878 3.56217037547
2 43754677.1091 3.56212615788
3 43752151.1696 3.56202334446
4 43746235.0769 3.56178256464
5 43732365.3519 3.56121807805
6 43699853.8056 3.55989464394
7 43623719.4835 3.55679373653
8 43445886.8869 3.54954046648
9 43033046.5569 3.53264492023
10 42088336.7805 3.49367531437
11 39997939.126 3.40585863454
12 35716766.2728 3.21852096313
13 28342906.282 2.86721844899
14 19476521.3263 2.37683250466
15 13544372.2439 1.98212333642
16 10685983.2742 1.7611041535
17 8924805.93873 1.61000169636
18 7744444.60659 1.50021116315
19 6912078.90869 1.41766395587
20 6299969.81437 1.35372642234
21 5834433.02328 1.3029747508
22 5470474.98234 1.26185385072
23 5179272.02201 1.22794426222
24 4941637.88655 1.19954967369
25 4744393.81119 1.17545153117
26 4578242.51632 1.15475613084
27 4436470.67198 1.13679592699
28 4314130.04399 1.12106406987
29 4207505.79271 1.10716996977
30 4113762.50208 1.09480851953
31 4030703.24503 1.08373839013
32 3956602.29772 1.0737664753
33 3890086.89177 1.06473657939
34 3830052.26415 1.05652108128
35 3775599.72292 1.04901471657
36 3725990.88148 1.04212988817
37 3680613.41977 1.03579309294
38 3638955.1748 1.02994217258
39 3600584.32404 1.02452417941
40 3565134.07661 1.0194937052
41 3532290.73438 1.01481156172
42 3501784.29703 1.01044373064
43 3473381.00521 1.00636052127
44 3446877.37314 1.00253589007
45 3422095.37542 0.99894688662
46 3398878.53539 0.995573199553
47 3377088.72313 0.992396781777
48 3356603.5164 0.989401539138
49 3337314.01113 0.986573070165
50 3319122.99363 0.983898447212
51 3301943.4057 0.981366031363
52 3285697.04861 0.978965315054
53 3270313.48294 0.976686787587
54 3255729.09005 0.97452181965
55 3241886.26782 0.972462563723
56 3228732.73835 0.970501867818
57 3216220.94959 0.968633200484
58 3204307.55623 0.96685058535
59 3192952.96769 0.96514854382
60 3182120.95315 0.963522044726
61 3171778.29546 0.961966459964
62 3161894.48677 0.960477525295
63 3152441.46032 0.959051305624
64 3143393.35318 0.957684164146
65 3134726.2962 0.956372734891
66 3126418.22718 0.95511389822
67 3118448.72469 0.953904758914
68 3110798.85967 0.952742626543
69 3103451.0628 0.951624997841
70 3096389.00561 0.950549540858
71 3089597.49376 0.949514080675
72 3083062.37109 0.948516586519
73 3076770.43314 0.947555160108
74 3070709.34909 0.9466280251
75 3064867.59124 0.945733517531
76 3059234.37111 0.944870077121
77 3053799.58152 0.944036239374
78 3048553.74396 0.943230628382
79 3043487.96077 0.942451950263
80 3038593.87155 0.941698987161
81 3033863.61336 0.940970591773
82 3029289.78446 0.940265682326
83 3024865.41113 0.939583237983
84 3020583.91718 0.938922294613
85 3016439.09616 0.938281940922
86 3012425.08573 0.937661314876
87 3008536.34416 0.937059600423
88 3004767.62869 0.936476024452
89 3001113.97559 0.935909854008
90 2997570.68175 0.935360393696
91 2994133.28778 0.9348269833
92 2990797.56224 0.934308995556
93 2987559.48715 0.933805834115
94 2984415.24456 0.933316931622
95 2981361.20403 0.932841747958
96 2978393.91109 0.932379768581
